timestamp_nsec,channel_0,channel_1,channel_2,channel_3,channel_4,channel_5
1728463042645417000,295,1632,472,0,165,322
1728463042646259000,482,1631,282,0,197,288
1728463042647101000,741,1564,92,0,226,165
1728463042647943000,885,1564,0,0,253,141
1728463042648784000,1080,1373,0,34,288,106
1728463042649625000,1288,1105,0,23,280,89
1728463042650466000,1440,890,46,69,281,49
1728463042651308000,1549,677,158,128,266,17
1728463042652150000,1592,466,335,192,251,0
1728463042652992000,1584,270,545,238,233,0
1728463042653834000,1613,113,757,272,173,0
1728463042654676000,1452,5,1002,295,124,0
1728463042655517000,1274,0,1221,373,77,1
1728463042656358000,1054,1,1410,382,47,42
1728463042657199000,746,21,1586,388,11,105
